0,273
0,270
185,35
3,2
10,35
10,268
10,14
10,137
10,129
10,222
10,240
10,160
11,2
11,3
9,5
8,15
8,14
8,13
8,10
8,7
8,5
8,2
8,3
184,6
184,5
184,4
184,3
184,2
184,1
184,0
175,5
175,4
175,3
175,2
175,1
175,0
161,5
161,4
161,3
161,2
161,1
161,0
40,5
40,4
40,3
40,2
40,1
40,0
31,3
31,2
31,1
31,0
29,7
29,6
29,5
29,4
29,3
29,2
29,1
29,0
25,3
25,1
24,3
24,1
20,3
20,2
20,1
19,3
19,2
19,1
12,3
12,2
12,1
11,30
11,29
11,28
11,27
11,26
11,25
11,24
11,23
11,22
11,21
11,20
11,19
11,18
11,17
11,16
11,15
11,14
11,13
11,12
11,11
11,10
