40,2
40,5
0,243
0,386
228,35
3,1
3,3
10,244
10,181
10,30
10,229
10,157
10,130
10,188
11,25
11,14
11,2
9,5
9,2
9,3
8,13
8,16
8,18
8,8
8,6
227,8
227,7
227,6
227,5
227,4
227,3
227,2
227,1
227,0
220,8
220,7
220,6
220,5
220,4
220,3
220,2
220,1
220,0
190,6
190,5
190,4
190,3
190,1
189,6
189,5
189,4
189,3
189,1
188,3
188,1
184,6
184,5
184,4
184,3
184,2
184,1
175,5
175,4
175,3
175,2
175,1
161,5
161,4
161,3
161,1
40,4
40,3
40,1
31,3
31,1
25,3
25,1
24,3
24,1
20,3
20,2
20,1
19,3
19,2
19,1
14,4
14,2
14,0
12,3
12,2
12,1
11,30
11,29
11,28
11,27
11,26
11,24
11,23
11,22
11,21
11,20
11,19
11,18
11,17
11,15
11,13
11,12
11,10
11,9
11,8
11,7
11,6
11,5
11,1
11,4
18,1
11,3
18,3
10,283
10,215
